"","Year","Shannon_Div_Local","Evenness_Local","Species_Richness"
"1",1986,2.1255165297611,0.752800852004225,22
"2",1987,1.81077194600464,0.63111081260014,21
"3",1988,2.10210679538595,0.726250731662976,24
"4",1989,2.08281892895288,0.72970243584341,22
"5",1990,2.07038959949461,0.716343159624454,23
"6",1991,2.16338136344885,0.732284200504294,24
"7",1992,2.16879244642726,0.77636970050637,25
"8",1993,2.0414399352646,0.668545029004474,28
"9",1994,1.7481633177549,0.617545037100178,24
"10",1995,1.94298545020112,0.692957672422382,25
"11",1996,1.97089939945126,0.702143294409255,25
"12",1997,1.87463828549411,0.696763030139848,22
"13",1998,1.96535380632884,0.757905606630094,22
"14",1999,1.82932968831829,0.70103059040588,18
"15",2008,1.96734352334574,0.712621239313603,28
"16",2009,2.04691648334068,0.702770735293351,25
"17",2010,1.92114683361477,0.663089250785404,24
"18",2011,2.02200460785871,0.689171622398087,27
"19",2012,1.93634227119339,0.650957943124348,29
"20",2013,1.65780155560225,0.579239761012801,26
"21",2014,1.72725444460401,0.630002161884642,23
"22",2015,1.88471781926278,0.644934852319605,26
"23",2016,1.72687594549809,0.59212346253474,25
"24",2017,1.99289851051586,0.678708212566378,26
"25",2018,1.84415137110402,0.653114001878204,22
"26",2019,1.80051455245788,0.623603508545639,26
