"","Year","Shannon_Div_Local","Evenness_Local","Species_Richness"
"1",1986,2.13872441286911,0.746796122841599,20
"2",1987,1.90639801608732,0.633319631667121,22
"3",1988,2.12572101915144,0.70586974477551,23
"4",1989,2.14539353665679,0.742691709687434,21
"5",1990,2.11599084330129,0.706263687907802,24
"6",1991,2.40016882984371,0.797295694549964,24
"7",1992,2.18194423388521,0.741612116058695,26
"8",1993,2.1307234322844,0.686201554241843,26
"9",1994,1.78736404453466,0.618389768101322,23
"10",1995,2.14227031995674,0.75648696298026,22
"11",1996,1.97818125813486,0.693286478399831,23
"12",1997,1.85745539122076,0.697505961833312,16
"13",1998,2.03290400979298,0.777424887841956,16
"14",1999,2.01283361826087,0.757713481887221,16
"15",2000,1.79006141279178,0.615752505695951,21
"16",2001,2.13951545863594,0.798401506601848,18
"17",2002,1.89851675971952,0.666596324910497,21
"18",2003,1.99629497526281,0.701819034404788,24
"19",2004,1.75511019102523,0.636700788937682,19
"20",2005,2.06254073179092,0.725362766011776,22
"21",2006,2.03580585761672,0.714672916129624,21
"22",2007,2.02966105530702,0.716989362113186,19
"23",2008,1.98904714945907,0.738992112716727,19
"24",2009,2.05807379133414,0.710185256566044,23
"25",2010,2.00611177393725,0.685534275425904,22
"26",2011,2.17590628387162,0.740571556064389,22
"27",2012,2.02373127855119,0.676543910696629,25
"28",2013,1.86659283402755,0.646458795832898,22
"29",2014,1.87471999721186,0.680537165087754,21
"30",2015,1.981108924821,0.669046148857018,25
"31",2016,1.89307089111907,0.635652059201658,23
"32",2017,2.00311065537087,0.668910766574662,24
"33",2018,1.98566465035093,0.696396557169137,19
"34",2019,1.89875242069763,0.65385623468783,23
